69,35
10,272
10,220
10,81
10,208
10,92
10,17
10,151
10,293
11,7
11,13
11,10
11,2
11,3
9,6
9,4
8,14
8,15
8,16
0,437
61,3
61,2
61,1
61,0
60,3
60,2
60,1
60,0
59,4
59,3
59,2
59,1
59,0
58,3
58,2
58,1
58,0
57,4
57,3
57,2
57,1
57,0
56,4
56,3
56,2
56,1
56,0
55,3
55,2
55,1
55,0
54,4
54,3
54,2
54,1
54,0
53,4
53,3
53,1
52,6
52,4
52,3
52,1
49,3
49,1
48,3
48,1
47,3
47,2
47,1
46,4
46,3
46,2
46,1
20,3
20,2
20,1
19,3
19,2
19,1
12,3
12,2
12,1
11,28
11,27
11,26
11,25
11,23
11,21
11,19
11,14
11,1
11,6
10,274
10,226
10,221
10,219
